3939496635
403154036
625609898
2790591693
2871989863
2143058432
1559529104
4047982079
3204060121
1679616075
3047318411
2188198660
3931886528
3581554870
2172684952
1982673532
2966812139
1311060232
2646018042
2952509985
321708862
393521296
164114559
190318844
221210908
2615778177
611021053
4134988604
2768128737
525121437
1495311144
725646389
3948860603
3620014761
3212493008
50018403
2943214293
565863734
3105627903
1965379941
1981061210
1534160018
2789372888
116016533
3884602075
941828787
380454505
1897622523
1294199552
412968510
2627221778
133401076
3164280825
2003448878
1646319568
926213274
3300060072
3201480934
1125225805
2925710407
2035399378
3426738461
3960117230
3540790834
141715944
1043987624
2560032110
1441394968
3520418139
1403567889
1973450014
2708759158
3272356536
3487942235
910835309
2691463320
84390386
2111328271
2618783256
251633933
955946650
478292740
857006559
4010400935
1296491828
3898535750
2579962209
3088467918
2473448451
421792390
2872716800
228858807
521670502
1301725886
1891566308
4254055604
4276736428
2486347277
370411841
3919838452
